# Created by Octave 5.1.0, Tue Jul 30 13:54:39 2019 GMT <unknown@DESKTOP-M0LON6Q>
# name: J2
# type: matrix
# rows: 400
# columns: 1
 61759853666.23008
 58164574323.311729
 54790765135.834648
 51624453565.69931
 48652573975.653259
 45862906718.065323
 43244021479.502167
 40785224570.841515
 38476509876.253357
 36308513196.109444
 34272469738.901184
 32360174535.688534
 30563945567.603004
 28876589412.597763
 27291369232.088707
 25801974931.457512
 24402495340.684753
 23087392272.727142
 21851476327.727669
 20689884320.817745
 19598058220.201931
 18571725490.46629
 17606880743.675377
 16699768607.869925
 15846867729.091558
 15044875829.086269
 14290695746.411373
 13581422393.827333
 12914330569.628862
 12286863564.987886
 11696622513.473003
 11141356432.699745
 10618952911.577835
 10127429399.875933
 9664925059.8413391
 9229693142.4097424
 8820093853.1348572
 8434587675.3751593
 8071729120.5089331
 7730160877.0227747
 7408608332.2439356
 7105874442.2754545
 6820834927.3540401
 6552433771.3944845
 6299679005.9191227
 6061638759.904685
 5837437558.3193216
 5626252853.2763777
 5427311772.8046837
 5239888073.2343779
 5063299282.1267357
 4896904019.5424986
 4740099486.2490482
 4592319108.2179565
 4453030327.4639778
 4321732529.9285383
 4197955101.7184596
 4081255605.5773449
 3971218069.9952607
 3867451383.855257
 3769587789.974895
 3677281471.3299441
 3590207224.1478357
 3508059212.4319978
 3430549798.8273101
 3357408447.0626154
 3288380691.5105624
 3223227169.6894441
 3161722713.7972236
 3103655497.6162701
 3048826235.3592696
 2997047429.243804
 2948142662.7857761
 2901945936.9916558
 2858301046.8067956
 2817060995.343112
 2778087443.5646405
 2741250193.2547469
 2706426701.2248211
 2673501622.8514581
 2642366383.1483684
 2612918773.6907506
 2585062573.8143849
 2558707194.6094761
 2533767344.3209977
 2510162713.8530502
 2487817681.1552491
 2466661033.3444848
 2446625705.4860091
 2427648535.0240731
 2409670030.9142814
 2392634156.5680733
 2376488125.7742424
 2361182210.813549
 2346669562.0303936
 2332906038.1705551
 2319850046.836102
 2307462394.4481826
 2295706145.145525
 2284546488.0812545
 2273950612.6133404
 2263887590.9146304
 2254328267.5571814
 2245245155.6526217
 2236612339.155581
 2228405380.961061
 2220601236.4488797
 2213178172.1493382
 2206115689.2239189
 2199394451.4732914
 2192996217.6022434
 2186903777.4874797
 2181100892.2094955
 2175572237.6241198
 2170303351.2627769
 2165280582.3632812
 2160491044.8447628
 2155922573.0516057
 2151563680.1017327
 2147403518.6844652
 2143431844.1624262
 2139638979.8407342
 2136015784.274822
 2132553620.4960196
 2129244327.0411587
 2126080190.6793475
 2123053920.7353663
 2120158624.9151938
 2117387786.5447764
 2114735243.1384673
 2112195166.2185354
 2109762042.3118403
 2107430655.0541537
 2105196068.3367472
 2103053610.4337795
 2100998859.0526288
 2099027627.2527976
 2097135950.1822169
 2095320072.5828345
 2093576437.0202074
 2091901672.794553
 2090292585.4931536
 2088746147.1464753
 2087259486.9525411
 2085829882.5362003
 2084454751.7119439
 2083131644.7207265
 2081858236.9130468
 2080632321.8521478
 2079451804.812748
 2078314696.6521974
 2077219108.0322678
 2076163243.9711196
 2075145398.7061596
 2074163950.8496752
 2073217358.8201563
 2072304156.5332754
 2071422949.3373964
 2070572410.1793878
 2069751275.9873734
 2068958344.2578049
 2068192469.8350167
 2067452561.8720903
 2066737580.9625378
 2066046536.4329011
 2065378483.786989
 2064732522.2929642
 2064107792.7050457
 2063503475.1120698
 2062918786.9056013
 2062352980.8606939
 2061805343.3228645
 2061275192.4951363
 2060761876.8194401
 2060264773.4469743
 2059783286.792393
 2059316847.1670697
 2058864909.4869125
 2058426952.050463
 2058002475.3832972
 2057591001.1449523
 2057192071.0948162
 2056805246.1136658
 2056430105.2776678
 2056066244.9818933
 2055713278.1105709
 2055370833.2513986
 2055038553.9514773
 2054716098.0125093
 2054403136.8230667
 2054099354.7258461
 2053804448.4179635
 2053518126.3824503
 2053240108.3492067
 2052970124.7837734
 2052707916.4023972
 2052453233.7119169
 2052205836.573112
 2051965493.7862256
 2051731982.6974239
 2051505088.8250728
 2051284605.5047297
 2051070333.5518336
 2050862080.9411378
 2050659662.5019715
 2050462899.6284776
 2050271620.0040052
 2050085657.3389318
 2049904851.1211555
 2049729046.3785932
 2049558093.4530647
 2049391847.7849195
 2049230169.7078898
 2049072924.253566
 2048919980.9650586
 2048771213.7193034
 2048626500.5575991
 2048485723.5239305
 2048348768.5106947
 2048215525.1114051
 2048085886.4800787
 2047959749.1968968
 2047837013.1398749
 2047717581.3622036
 2047601359.9749837
 2047488258.0350902
 2047378187.437902
 2047271062.8146541
 2047166801.4341848
 2047065323.1088645
 2046966550.1044962
 2046870407.0539908
 2046776820.8746483
 2046685720.6888475
 2046597037.748004
 2046510705.3596237
 2046426658.817306
 2046344835.3335776
 2046265173.9753795
 2046187615.602143
 2046112102.8062756
 2046038579.8559887
 2045966992.6403358
 2045897288.6163666
 2045829416.7583039
 2045763327.5086572
 2045698972.7311609
 2045636305.6654923
 2045575280.8836591
 2045515854.2480083
 2045457982.870759
 2045401625.0750232
 2045346740.3572228
 2045293289.3508599
 2045241233.7915821
 2045190536.4834757
 2045141161.2665472
 2045093072.9853506
 2045046237.4586811
 2045000621.4503388
 2044956192.6408691
 2044912919.6002836
 2044870771.7616901
 2044829719.3958192
 2044789733.586391
 2044750786.2063005
 2044712849.8945954
 2044675898.0342031
 2044639904.7303839
 2044604844.7898803
 2044570693.7007413
 2044537427.6127915
 2044505023.3187211
 2044473458.2357762
 2044442710.388027
 2044412758.3891847
 2044383581.4259675
 2044355159.2419643
 2044327472.1220155
 2044300500.8770595
 2044274226.8294489
 2044248631.7987108
 2044223698.0877411
 2044199408.4694061
 2044175746.1735651
 2044152694.8744547
 2044130238.6784751
 2044108362.1123157
 2044087050.1114442
 2044066288.0089316
 2044046061.5246065
 2044026356.7545121
 2044007160.1606905
 2043988458.561249
 2043970239.1207139
 2043952489.3406684
 2043935197.050648
 2043918350.3993127
 2043901937.8458478
 2043885948.1516323
 2043870370.3721254
 2043855193.8489878
 2043840408.2024324
 2043826003.3237753
 2043811969.3682048
 2043798296.7477529
 2043784976.1244545
 2043771998.4037049
 2043759354.7277958
 2043747036.4696333
 2043735035.2266281
 2043723342.8147521
 2043711951.2627571
 2043700852.8065593
 2043690039.8837724
 2043679505.128382
 2043669241.3655789
 2043659241.6067264
 2043649499.0444615
 2043640007.0479336
 2043630759.1581676
 2043621749.0835581
 2043612970.6954761
 2043604418.0240023
 2043596085.2537727
 2043587966.7199306
 2043580056.9041967
 2043572350.4310319
 2043564842.0639131
 2043557526.7017088
 2043550399.3751373
 2043543455.2433391
 2043536689.5905199
 2043530097.8227062
 2043523675.4645584
 2043517418.1562989
 2043511321.6506932
 2043505381.810133
 2043499594.6037841
 2043493956.1048126
 2043488462.4876819
 2043483110.0255334
 2043477895.0876091
 2043472814.1367769
 2043467863.7270911
 2043463040.5014324
 2043458341.1892071
 2043453762.6041071
 2043449301.641922
 2043444955.2784209
 2043440720.5672753
 2043436594.6380472
 2043432574.6942284
 2043428658.0113275
 2043424841.9349995
 2043421123.8792458
 2043417501.3246419
 2043413971.8166122
 2043410532.9637685
 2043407182.4362614
 2043403917.9642065
 2043400737.3361263
 2043397638.3974485
 2043394619.0490301
 2043391677.2457411
 2043388810.9950554
 2043386018.3557038
 2043383297.4363496
 2043380646.3943017
 2043378063.434257
 2043375546.8070867
 2043373094.808635
 2043370705.7785733
 2043368378.099257
 2043366110.1946402
 2043363900.5291922
