# Created by Octave 5.1.0, Tue Jul 30 13:55:27 2019 GMT <unknown@DESKTOP-M0LON6Q>
# name: J3
# type: matrix
# rows: 400
# columns: 1
 53294079419.249496
 43427073067.896156
 35499635425.210716
 29122571721.065815
 23986667348.856903
 19845773040.119987
 16503590007.117664
 13803314822.503111
 11619502166.181105
 9851653321.0759335
 8419151757.7152081
 7257253419.5529137
 6313905159.8863363
 5547215209.2676783
 4923438315.9399586
 4415368104.8492479
 4001052348.5609455
 3662764822.2974
 3386181424.8433037
 3159719197.5214648
 2974005458.1239176
 2821451015.5519576
 2695906750.5448151
 2592387051.2877173
 2506846921.739851
 2436002222.7137604
 2377184606.9166894
 2328224383.1385136
 2287355880.6156206
 2253140952.2354517
 2224407109.7057734
 2200197468.5229268
 2179730229.8849587
 2162365867.839529
 2147580544.5649204
 2134944561.9716151
 2124104887.5080073
 2114770977.1177461
 2106703267.4934266
 2099703830.120801
 2093608776.7368052
 2088282084.2498107
 2083610570.5200195
 2079499803.589591
 2075870768.3336058
 2072657147.9653251
 2069803104.895973
 2067261467.3490694
 2064992245.8533072
 2062961418.0859683
 2061139932.1569118
 2059502887.8329418
 2058028862.8254855
 2056699357.4416909
 2055498335.9059191
 2054411846.7178855
 2053427707.7055819
 2052535244.1016817
 2051725070.1390042
 2050988906.4197114
 2050319426.7413006
 2049710129.2228296
 2049155227.5179677
 2048649558.6682668
 2048188504.7740169
 2047767926.1679063
 2047384104.1905031
 2047033692.003824
 2046713672.1545274
 2046421319.8229096
 2046154170.8777101
 2045909994.0070066
 2045686766.3187113
 2045482651.9052782
 2045295982.9502807
 2045125243.022902
 2044969052.2627869
 2044826154.204241
 2044695404.0273983
 2044575758.055917
 2044466264.3474641
 2044366054.2454281
 2044274334.7788699
 2044190381.8133633
 2044113533.8684556
 2044043186.5285869
 2043978787.3837101
 2043919831.4437861
 2043865856.9782476
 2043816441.7372549
 2043771199.5166709
 2043729777.0329902
 2043691851.0781989
 2043657125.9278457
 2043625330.9784217
 2043596218.5926595
 2043569562.1335604
 2043545154.1698921
 2043522804.8375912
 2043502340.34307
 2043483601.5957177
 2043466442.9581509
 2043450731.1037986
 2043436343.9724045
 2043423169.8148727
 2043411106.3196969
 2043400059.8138616
 2043389944.5318103
 2043380681.9465857
 2043372200.1577973
 2043364433.3315518
 2043357321.1878855
 2043350808.5316324
 2043344844.8230486
 2043339383.784754
 2043334383.0419683
 2043329803.7931385
 2043325610.50843
 2043321770.6536975
 2043318254.4377685
 2043315034.5810716
 2043312086.1038103
 2043309386.1320064
 2043306913.7199249
 2043304649.6874743
 2043302576.4713395
 2043300677.9886599
 2043298939.5122173
 2043297347.5561454
 2043295889.7712796
 2043294554.8493378
 2043293332.4351699
 2043292213.0464201
 2043291187.999948
 2043290249.3444691
 2043289389.7988608
 2043288602.6956761
 2043287881.9294217
 2043287221.9091861
 2043286617.5152748
 2043286064.0594859
 2043285557.2487471
 2043285093.1518137
 2043284668.1687667
 2043284279.0030923
 2043283922.6361103
 2043283596.3035533
 2043283297.4741287
 2043283023.8298836
 2043282773.2482188
 2043282543.7854311
 2043282333.6616313
 2043282141.246937
 2043281965.0488338
 2043281803.7005982
 2043281655.9506891
 2043281520.6530478
 2043281396.7582049
 2043281283.3051374
 2043281179.4138215
 2043281084.2783968
 2043280997.1609218
 2043280917.3856506
 2043280844.3337862
 2043280777.438683
 2043280716.1814547
 2043280660.0869431
 2043280608.7200406
 2043280561.6823049
 2043280518.6088777
 2043280479.1656497
 2043280443.0466685
 2043280409.971772
 2043280379.6844044
 2043280351.9496362
 2043280326.5523343
 2043280303.2955003
 2043280281.9987354
 2043280262.4968488
 2043280244.6385667
 2043280228.285368
 2043280213.3104072
 2043280199.5975235
 2043280187.0403543
 2043280175.5414934
 2043280165.0117488
 2043280155.3694441
 2043280146.5397868
 2043280138.4542856
 2043280131.0502248
 2043280124.2701733
 2043280118.0615408
 2043280112.3761673
 2043280107.1699541
 2043280102.4025145
 2043280098.0368736
 2043280094.0391643
 2043280090.3783796
 2043280087.0261238
 2043280083.956394
 2043280081.1453793
 2043280078.5712731
 2043280076.214112
 2043280074.0556107
 2043280072.0790272
 2043280070.2690284
 2043280068.6115744
 2043280067.0938094
 2043280065.7039616
 2043280064.4312484
 2043280063.2657976
 2043280062.1985719
 2043280061.2212911
 2043280060.3263733
 2043280059.5068803
 2043280058.7564526
 2043280058.0692699
 2043280057.4400043
 2043280056.8637714
 2043280056.3361037
 2043280055.8529079
 2043280055.4104335
 2043280055.0052521
 2043280054.6342192
 2043280054.294457
 2043280053.9833279
 2043280053.6984224
 2043280053.4375277
 2043280053.1986208
 2043280052.9798498
 2043280052.7795157
 2043280052.5960653
 2043280052.4280775
 2043280052.2742465
 2043280052.1333809
 2043280052.0043869
 2043280051.8862638
 2043280051.7780972
 2043280051.6790462
 2043280051.5883439
 2043280051.5052843
 2043280051.4292269
 2043280051.3595788
 2043280051.295799
 2043280051.2373974
 2043280051.1839161
 2043280051.1349423
 2043280051.090096
 2043280051.0490291
 2043280051.0114245
 2043280050.9769869
 2043280050.9454539
 2043280050.9165776
 2043280050.8901353
 2043280050.865921
 2043280050.8437474
 2043280050.8234432
 2043280050.8048501
 2043280050.7878239
 2043280050.7722323
 2043280050.7579546
 2043280050.7448804
 2043280050.7329082
 2043280050.7219462
 2043280050.7119064
 2043280050.702714
 2043280050.6942954
 2043280050.6865866
 2043280050.6795273
 2043280050.6730628
 2043280050.6671443
 2043280050.6617243
 2043280050.6567607
 2043280050.6522148
 2043280050.6480517
 2043280050.6442406
 2043280050.6407502
 2043280050.6375544
 2043280050.6346283
 2043280050.631948
 2043280050.6294935
 2043280050.6272457
 2043280050.6251884
 2043280050.6233037
 2043280050.6215787
 2043280050.6199973
 2043280050.618551
 2043280050.6172264
 2043280050.6160119
 2043280050.6149006
 2043280050.613884
 2043280050.6129532
 2043280050.6120982
 2043280050.6113181
 2043280050.6106019
 2043280050.6099463
 2043280050.6093462
 2043280050.608798
 2043280050.6082952
 2043280050.6078339
 2043280050.6074119
 2043280050.6070259
 2043280050.6066716
 2043280050.6063476
 2043280050.6060512
 2043280050.6057792
 2043280050.6055315
 2043280050.6053026
 2043280050.6050956
 2043280050.6049037
 2043280050.6047277
 2043280050.6045687
 2043280050.6044211
 2043280050.6042876
 2043280050.6041646
 2043280050.6040514
 2043280050.6039491
 2043280050.6038542
 2043280050.6037681
 2043280050.6036875
 2043280050.603616
 2043280050.6035497
 2043280050.6034889
 2043280050.6034331
 2043280050.6033814
 2043280050.6033361
 2043280050.6032934
 2043280050.6032546
 2043280050.6032178
 2043280050.6031861
 2043280050.6031549
 2043280050.6031272
 2043280050.6031017
 2043280050.6030788
 2043280050.6030581
 2043280050.6030381
 2043280050.6030211
 2043280050.6030056
 2043280050.6029899
 2043280050.6029756
 2043280050.602963
 2043280050.6029527
 2043280050.602942
 2043280050.6029325
 2043280050.6029241
 2043280050.6029155
 2043280050.6029079
 2043280050.6029017
 2043280050.6028962
 2043280050.6028903
 2043280050.6028845
 2043280050.6028795
 2043280050.602875
 2043280050.6028714
 2043280050.6028671
 2043280050.6028643
 2043280050.6028614
 2043280050.6028585
 2043280050.6028562
 2043280050.6028535
 2043280050.6028514
 2043280050.602849
 2043280050.6028471
 2043280050.6028464
 2043280050.6028445
 2043280050.6028433
 2043280050.6028419
 2043280050.6028409
 2043280050.6028397
 2043280050.602839
 2043280050.602838
 2043280050.6028371
 2043280050.6028366
 2043280050.6028357
 2043280050.6028352
 2043280050.6028352
