# Created by Octave 5.1.0, Tue Jul 30 13:56:03 2019 GMT <unknown@DESKTOP-M0LON6Q>
# name: J4
# type: matrix
# rows: 400
# columns: 1
 32769251589.546791
 17162371138.60099
 9610212673.4308777
 5903790708.9239254
 4060267654.6507235
 3129447146.6880779
 2650518225.9363246
 2397952577.2123914
 2260458549.1141615
 2182619809.2559218
 2136527325.8193686
 2107908134.5360575
 2089308029.5591478
 2076723134.9966106
 2067924519.0177345
 2061617330.5133669
 2057013351.5682862
 2053609759.0722368
 2051071751.0708978
 2049168226.1967423
 2047735102.1875794
 2046653425.1510615
 2045835672.8210433
 2045216790.7554276
 2044748092.0833366
 2044392973.2233241
 2044123832.4776125
 2043919815.4197149
 2043765145.4172893
 2043647877.3685925
 2043558962.3183064
 2043491542.8908672
 2043440421.3400981
 2043401657.3110189
 2043372263.3824356
 2043349974.4721787
 2043333073.1127722
 2043320257.0250056
 2043310538.732265
 2043303169.4547248
 2043297581.4067214
 2043293344.0451491
 2043290130.8948867
 2043287694.3937252
 2043285846.8179502
 2043284445.8186245
 2043283383.4539664
 2043282577.872781
 2043281967.0080872
 2043281503.7950871
 2043281152.5449855
 2043280886.1953073
 2043280684.2248256
 2043280531.07249
 2043280414.9385002
 2043280326.8751762
 2043280260.0975783
 2043280209.4607468
 2043280171.0633094
 2043280141.9468894
 2043280119.8681803
 2043280103.1260993
 2043280090.4307363
 2043280080.8039603
 2043280073.5040646
 2043280067.9686229
 2043280063.7711487
 2043280060.5882435
 2043280058.1746757
 2043280056.3444886
 2043280054.9566762
 2043280053.9043107
 2043280053.1063111
 2043280052.5011966
 2043280052.0423441
 2043280051.6943991
 2043280051.4305558
 2043280051.2304869
 2043280051.0787761
 2043280050.9637351
 2043280050.8765006
 2043280050.8103514
 2043280050.7601914
 2043280050.7221546
 2043280050.6933131
 2043280050.6714423
 2043280050.6548574
 2043280050.6422811
 2043280050.6327446
 2043280050.6255136
 2043280050.6200314
 2043280050.6158724
 2043280050.6127198
 2043280050.6103294
 2043280050.6085155
 2043280050.607141
 2043280050.6060989
 2043280050.6053085
 2043280050.6047084
 2043280050.6042533
 2043280050.60391
 2043280050.6036487
 2043280050.6034503
 2043280050.6032991
 2043280050.6031854
 2043280050.6030993
 2043280050.6030335
 2043280050.6029837
 2043280050.6029465
 2043280050.6029179
 2043280050.6028967
 2043280050.6028802
 2043280050.6028676
 2043280050.6028578
 2043280050.6028507
 2043280050.6028459
 2043280050.6028414
 2043280050.6028383
 2043280050.6028371
 2043280050.6028345
 2043280050.6028321
 2043280050.6028318
 2043280050.6028302
 2043280050.6028299
 2043280050.6028297
 2043280050.6028297
 2043280050.6028285
 2043280050.6028285
 2043280050.602829
 2043280050.6028283
 2043280050.602829
 2043280050.602828
 2043280050.602829
 2043280050.6028283
 2043280050.6028285
 2043280050.6028271
 2043280050.602828
 2043280050.602829
 2043280050.6028285
 2043280050.602829
 2043280050.6028283
 2043280050.602829
 2043280050.602828
 2043280050.6028285
 2043280050.6028292
 2043280050.6028275
 2043280050.6028283
 2043280050.602829
 2043280050.6028283
 2043280050.602828
 2043280050.6028283
 2043280050.602828
 2043280050.6028283
 2043280050.6028285
 2043280050.6028283
 2043280050.6028283
 2043280050.6028283
 2043280050.6028285
 2043280050.6028285
 2043280050.6028292
 2043280050.6028285
 2043280050.6028285
 2043280050.6028292
 2043280050.6028285
 2043280050.6028292
 2043280050.6028285
 2043280050.6028283
 2043280050.6028275
 2043280050.602828
 2043280050.6028283
 2043280050.6028285
 2043280050.6028285
 2043280050.6028273
 2043280050.6028285
 2043280050.6028283
 2043280050.6028285
 2043280050.602828
 2043280050.6028285
 2043280050.6028283
 2043280050.6028275
 2043280050.6028292
 2043280050.6028283
 2043280050.6028285
 2043280050.602828
 2043280050.602829
 2043280050.602828
 2043280050.6028285
 2043280050.6028275
 2043280050.6028273
 2043280050.6028285
 2043280050.6028285
 2043280050.602829
 2043280050.6028273
 2043280050.6028283
 2043280050.602828
 2043280050.6028285
 2043280050.6028283
 2043280050.6028275
 2043280050.6028283
 2043280050.6028283
 2043280050.6028285
 2043280050.6028283
 2043280050.6028285
 2043280050.602829
 2043280050.6028283
 2043280050.602829
 2043280050.602829
 2043280050.602829
 2043280050.602829
 2043280050.6028275
 2043280050.6028285
 2043280050.602828
 2043280050.6028285
 2043280050.602828
 2043280050.602828
 2043280050.6028283
 2043280050.602828
 2043280050.602829
 2043280050.6028283
 2043280050.6028283
 2043280050.602828
 2043280050.602828
 2043280050.602828
 2043280050.6028283
 2043280050.602828
 2043280050.602828
 2043280050.6028283
 2043280050.6028283
 2043280050.6028283
 2043280050.602829
 2043280050.6028283
 2043280050.6028285
 2043280050.6028273
 2043280050.6028275
 2043280050.6028283
 2043280050.6028275
 2043280050.6028273
 2043280050.6028283
 2043280050.602828
 2043280050.6028275
 2043280050.6028285
 2043280050.6028283
 2043280050.6028275
 2043280050.6028275
 2043280050.602828
 2043280050.6028285
 2043280050.6028285
 2043280050.602829
 2043280050.6028292
 2043280050.602829
 2043280050.602829
 2043280050.602829
 2043280050.602829
 2043280050.602829
 2043280050.6028285
 2043280050.6028292
 2043280050.6028292
 2043280050.6028292
 2043280050.6028292
 2043280050.6028292
 2043280050.6028292
 2043280050.6028292
 2043280050.602829
 2043280050.602829
 2043280050.602829
 2043280050.602829
 2043280050.602829
 2043280050.602829
 2043280050.602829
 2043280050.602829
 2043280050.6028292
 2043280050.6028285
 2043280050.6028285
 2043280050.6028285
 2043280050.6028285
 2043280050.6028285
 2043280050.6028285
 2043280050.6028283
 2043280050.6028285
 2043280050.6028285
 2043280050.6028285
 2043280050.6028283
 2043280050.6028285
 2043280050.6028285
 2043280050.6028285
 2043280050.6028283
 2043280050.6028285
 2043280050.6028285
 2043280050.6028285
 2043280050.6028283
 2043280050.6028285
 2043280050.6028285
 2043280050.6028285
 2043280050.6028283
 2043280050.6028285
 2043280050.6028285
 2043280050.6028285
 2043280050.6028283
 2043280050.6028285
 2043280050.6028285
 2043280050.6028285
 2043280050.6028283
 2043280050.6028285
 2043280050.6028285
 2043280050.6028285
 2043280050.6028283
 2043280050.6028285
 2043280050.6028285
 2043280050.6028285
 2043280050.6028283
 2043280050.6028285
 2043280050.6028285
 2043280050.6028285
 2043280050.6028283
 2043280050.6028285
 2043280050.6028285
 2043280050.6028285
 2043280050.6028283
 2043280050.6028285
 2043280050.6028285
 2043280050.6028285
 2043280050.6028283
 2043280050.6028285
 2043280050.6028285
 2043280050.6028285
 2043280050.6028283
 2043280050.6028285
 2043280050.6028285
 2043280050.6028285
 2043280050.6028283
 2043280050.6028285
 2043280050.6028285
 2043280050.6028285
 2043280050.6028283
 2043280050.6028285
 2043280050.6028285
 2043280050.6028285
 2043280050.6028283
 2043280050.6028285
 2043280050.6028285
 2043280050.6028285
 2043280050.6028283
 2043280050.6028285
 2043280050.6028285
 2043280050.6028285
 2043280050.6028283
 2043280050.6028285
 2043280050.6028285
 2043280050.6028285
 2043280050.6028283
 2043280050.6028285
 2043280050.6028285
 2043280050.6028285
 2043280050.6028283
 2043280050.6028285
 2043280050.6028285
 2043280050.6028285
 2043280050.6028283
 2043280050.6028285
 2043280050.6028285
 2043280050.6028285
 2043280050.6028283
 2043280050.6028285
 2043280050.6028285
 2043280050.6028285
 2043280050.6028283
 2043280050.6028285
 2043280050.6028285
 2043280050.6028285
 2043280050.6028283
 2043280050.6028285
 2043280050.6028285
 2043280050.6028285
 2043280050.6028283
 2043280050.6028285
 2043280050.6028285
 2043280050.6028285
