# Created by Octave 5.1.0, Tue Jul 30 13:57:33 2019 GMT <unknown@DESKTOP-M0LON6Q>
# name: J5
# type: matrix
# rows: 400
# columns: 1
 3668504405.0750303
 2516658805.2236514
 2181896850.9037824
 2084097658.1551085
 2055369152.4849274
 2046881845.6478612
 2044359634.9164307
 2043605594.6635852
 2043378803.6265953
 2043310182.0709076
 2043289296.1804078
 2043282902.8213046
 2043280934.9823487
 2043280326.1270618
 2043280136.8202674
 2043280077.6915832
 2043280059.1453409
 2043280053.3057411
 2043280051.4606187
 2043280050.8757854
 2043280050.689893
 2043280050.6306577
 2043280050.6117404
 2043280050.6056864
 2043280050.6037464
 2043280050.6031237
 2043280050.6029234
 2043280050.6028581
 2043280050.6028378
 2043280050.6028302
 2043280050.602829
 2043280050.6028285
 2043280050.6028275
 2043280050.6028285
 2043280050.6028275
 2043280050.602828
 2043280050.6028275
 2043280050.6028283
 2043280050.6028283
 2043280050.602829
 2043280050.6028283
 2043280050.6028283
 2043280050.6028292
 2043280050.6028285
 2043280050.6028285
 2043280050.6028283
 2043280050.6028283
 2043280050.6028283
 2043280050.6028283
 2043280050.602828
 2043280050.6028285
 2043280050.6028283
 2043280050.602829
 2043280050.6028275
 2043280050.6028283
 2043280050.6028285
 2043280050.6028292
 2043280050.6028273
 2043280050.602828
 2043280050.602828
 2043280050.602829
 2043280050.602829
 2043280050.6028283
 2043280050.602828
 2043280050.6028285
 2043280050.602829
 2043280050.6028285
 2043280050.602829
 2043280050.602829
 2043280050.6028285
 2043280050.602829
 2043280050.602829
 2043280050.6028285
 2043280050.602829
 2043280050.602829
 2043280050.6028285
 2043280050.602829
 2043280050.602829
 2043280050.6028285
 2043280050.602829
 2043280050.602829
 2043280050.6028285
 2043280050.602829
 2043280050.602829
 2043280050.6028285
 2043280050.602829
 2043280050.602829
 2043280050.6028285
 2043280050.602829
 2043280050.602829
 2043280050.6028285
 2043280050.602829
 2043280050.602829
 2043280050.6028285
 2043280050.602829
 2043280050.602829
 2043280050.6028285
 2043280050.602829
 2043280050.602829
 2043280050.6028285
 2043280050.602829
 2043280050.602829
 2043280050.6028285
 2043280050.602829
 2043280050.602829
 2043280050.6028285
 2043280050.602829
 2043280050.602829
 2043280050.6028285
 2043280050.602829
 2043280050.602829
 2043280050.6028285
 2043280050.602829
 2043280050.602829
 2043280050.6028285
 2043280050.602829
 2043280050.602829
 2043280050.6028285
 2043280050.602829
 2043280050.602829
 2043280050.6028285
 2043280050.602829
 2043280050.602829
 2043280050.6028285
 2043280050.602829
 2043280050.602829
 2043280050.6028285
 2043280050.602829
 2043280050.602829
 2043280050.6028285
 2043280050.602829
 2043280050.602829
 2043280050.6028285
 2043280050.602829
 2043280050.602829
 2043280050.6028285
 2043280050.602829
 2043280050.602829
 2043280050.6028285
 2043280050.602829
 2043280050.602829
 2043280050.6028285
 2043280050.602829
 2043280050.602829
 2043280050.6028285
 2043280050.602829
 2043280050.602829
 2043280050.6028285
 2043280050.602829
 2043280050.602829
 2043280050.6028285
 2043280050.602829
 2043280050.602829
 2043280050.6028285
 2043280050.602829
 2043280050.602829
 2043280050.6028285
 2043280050.602829
 2043280050.602829
 2043280050.6028285
 2043280050.602829
 2043280050.602829
 2043280050.6028285
 2043280050.602829
 2043280050.602829
 2043280050.6028285
 2043280050.602829
 2043280050.602829
 2043280050.6028285
 2043280050.602829
 2043280050.602829
 2043280050.6028285
 2043280050.602829
 2043280050.602829
 2043280050.6028285
 2043280050.602829
 2043280050.602829
 2043280050.6028285
 2043280050.602829
 2043280050.602829
 2043280050.6028285
 2043280050.602829
 2043280050.602829
 2043280050.6028285
 2043280050.602829
 2043280050.602829
 2043280050.6028285
 2043280050.602829
 2043280050.602829
 2043280050.6028285
 2043280050.602829
 2043280050.602829
 2043280050.6028285
 2043280050.602829
 2043280050.602829
 2043280050.6028285
 2043280050.602829
 2043280050.602829
 2043280050.6028285
 2043280050.602829
 2043280050.602829
 2043280050.6028285
 2043280050.602829
 2043280050.602829
 2043280050.6028285
 2043280050.602829
 2043280050.602829
 2043280050.6028285
 2043280050.602829
 2043280050.602829
 2043280050.6028285
 2043280050.602829
 2043280050.602829
 2043280050.6028285
 2043280050.602829
 2043280050.602829
 2043280050.6028285
 2043280050.602829
 2043280050.602829
 2043280050.6028285
 2043280050.602829
 2043280050.602829
 2043280050.6028285
 2043280050.602829
 2043280050.602829
 2043280050.6028285
 2043280050.602829
 2043280050.602829
 2043280050.6028285
 2043280050.602829
 2043280050.602829
 2043280050.6028285
 2043280050.602829
 2043280050.602829
 2043280050.6028285
 2043280050.602829
 2043280050.602829
 2043280050.6028285
 2043280050.602829
 2043280050.602829
 2043280050.6028285
 2043280050.602829
 2043280050.602829
 2043280050.6028285
 2043280050.602829
 2043280050.602829
 2043280050.6028285
 2043280050.602829
 2043280050.602829
 2043280050.6028285
 2043280050.602829
 2043280050.602829
 2043280050.6028285
 2043280050.602829
 2043280050.602829
 2043280050.6028285
 2043280050.602829
 2043280050.602829
 2043280050.6028285
 2043280050.602829
 2043280050.602829
 2043280050.6028285
 2043280050.602829
 2043280050.602829
 2043280050.6028285
 2043280050.602829
 2043280050.602829
 2043280050.6028285
 2043280050.602829
 2043280050.602829
 2043280050.6028285
 2043280050.602829
 2043280050.602829
 2043280050.6028285
 2043280050.602829
 2043280050.602829
 2043280050.6028285
 2043280050.602829
 2043280050.602829
 2043280050.6028285
 2043280050.602829
 2043280050.602829
 2043280050.6028285
 2043280050.602829
 2043280050.602829
 2043280050.6028285
 2043280050.602829
 2043280050.602829
 2043280050.6028285
 2043280050.602829
 2043280050.602829
 2043280050.6028285
 2043280050.602829
 2043280050.602829
 2043280050.6028285
 2043280050.602829
 2043280050.602829
 2043280050.6028285
 2043280050.602829
 2043280050.602829
 2043280050.6028285
 2043280050.602829
 2043280050.602829
 2043280050.6028285
 2043280050.602829
 2043280050.602829
 2043280050.6028285
 2043280050.602829
 2043280050.602829
 2043280050.6028285
 2043280050.602829
 2043280050.602829
 2043280050.6028285
 2043280050.602829
 2043280050.602829
 2043280050.6028285
 2043280050.602829
 2043280050.602829
 2043280050.6028285
 2043280050.602829
 2043280050.602829
 2043280050.6028285
 2043280050.602829
 2043280050.602829
 2043280050.6028285
 2043280050.602829
 2043280050.602829
 2043280050.6028285
 2043280050.602829
 2043280050.602829
 2043280050.6028285
 2043280050.602829
 2043280050.602829
 2043280050.6028285
 2043280050.602829
 2043280050.602829
 2043280050.6028285
 2043280050.602829
 2043280050.602829
 2043280050.6028285
 2043280050.602829
 2043280050.602829
 2043280050.6028285
 2043280050.602829
 2043280050.602829
 2043280050.6028285
 2043280050.602829
 2043280050.602829
 2043280050.6028285
 2043280050.602829
 2043280050.602829
 2043280050.6028285
 2043280050.602829
 2043280050.602829
 2043280050.6028285
 2043280050.602829
 2043280050.602829
 2043280050.6028285
 2043280050.602829
 2043280050.602829
 2043280050.6028285
 2043280050.602829
 2043280050.602829
 2043280050.6028285
 2043280050.602829
 2043280050.602829
 2043280050.6028285
 2043280050.602829
 2043280050.602829
 2043280050.6028285
 2043280050.602829
 2043280050.602829
 2043280050.6028285
 2043280050.602829
 2043280050.602829
 2043280050.6028285
 2043280050.602829
 2043280050.602829
 2043280050.6028285
 2043280050.602829
 2043280050.602829
 2043280050.6028285
 2043280050.602829
 2043280050.602829
 2043280050.6028285
