# Created by Octave 5.1.0, Tue Jul 30 13:59:38 2019 GMT <unknown@DESKTOP-M0LON6Q>
# name: J6
# type: matrix
# rows: 400
# columns: 1
 4938067533.5775185
 3042232201.883894
 2480856170.3574934
 2239453573.3718042
 2132235529.8754272
 2083901341.0437515
 2061909749.3139338
 2051846410.2939904
 2047225309.5119233
 2045098788.0239193
 2044118958.7236507
 2043667137.9625759
 2043458696.8035126
 2043362508.5898881
 2043318113.7041388
 2043297621.5475895
 2043288162.0390193
 2043283795.2199469
 2043281779.3094366
 2043280848.6667762
 2043280419.0333557
 2043280220.6911247
 2043280129.1252711
 2043280086.8532867
 2043280067.338124
 2043280058.3288062
 2043280054.1695848
 2043280052.2494493
 2043280051.363004
 2043280050.953769
 2043280050.7648425
 2043280050.6776233
 2043280050.6373587
 2043280050.6187692
 2043280050.6101873
 2043280050.6062253
 2043280050.6043963
 2043280050.6035523
 2043280050.6031628
 2043280050.6029832
 2043280050.6028993
 2043280050.6028605
 2043280050.6028428
 2043280050.6028352
 2043280050.6028311
 2043280050.6028297
 2043280050.6028285
 2043280050.6028283
 2043280050.6028275
 2043280050.6028285
 2043280050.6028283
 2043280050.6028275
 2043280050.6028283
 2043280050.6028283
 2043280050.6028283
 2043280050.6028283
 2043280050.6028283
 2043280050.6028285
 2043280050.6028297
 2043280050.6028285
 2043280050.6028285
 2043280050.602829
 2043280050.602829
 2043280050.6028285
 2043280050.6028283
 2043280050.6028283
 2043280050.602828
 2043280050.6028283
 2043280050.602829
 2043280050.6028285
 2043280050.6028283
 2043280050.6028285
 2043280050.6028283
 2043280050.602829
 2043280050.602828
 2043280050.6028273
 2043280050.602828
 2043280050.602829
 2043280050.602828
 2043280050.6028275
 2043280050.6028275
 2043280050.6028283
 2043280050.6028285
 2043280050.602828
 2043280050.602828
 2043280050.6028283
 2043280050.6028283
 2043280050.6028273
 2043280050.6028285
 2043280050.602829
 2043280050.6028283
 2043280050.602829
 2043280050.6028283
 2043280050.602829
 2043280050.6028283
 2043280050.602829
 2043280050.6028283
 2043280050.602829
 2043280050.6028283
 2043280050.602829
 2043280050.6028283
 2043280050.602829
 2043280050.6028283
 2043280050.602829
 2043280050.6028283
 2043280050.602829
 2043280050.6028283
 2043280050.602829
 2043280050.6028283
 2043280050.602829
 2043280050.6028283
 2043280050.602829
 2043280050.6028283
 2043280050.602829
 2043280050.6028283
 2043280050.602829
 2043280050.6028283
 2043280050.602829
 2043280050.6028283
 2043280050.602829
 2043280050.6028283
 2043280050.602829
 2043280050.6028283
 2043280050.602829
 2043280050.6028283
 2043280050.602829
 2043280050.6028283
 2043280050.602829
 2043280050.6028283
 2043280050.602829
 2043280050.6028283
 2043280050.602829
 2043280050.6028283
 2043280050.602829
 2043280050.6028283
 2043280050.602829
 2043280050.6028283
 2043280050.602829
 2043280050.6028283
 2043280050.602829
 2043280050.6028283
 2043280050.602829
 2043280050.6028283
 2043280050.602829
 2043280050.6028283
 2043280050.602829
 2043280050.6028283
 2043280050.602829
 2043280050.6028283
 2043280050.602829
 2043280050.6028283
 2043280050.602829
 2043280050.6028283
 2043280050.602829
 2043280050.6028283
 2043280050.602829
 2043280050.6028283
 2043280050.602829
 2043280050.6028283
 2043280050.602829
 2043280050.6028283
 2043280050.602829
 2043280050.6028283
 2043280050.602829
 2043280050.6028283
 2043280050.602829
 2043280050.6028283
 2043280050.602829
 2043280050.6028283
 2043280050.602829
 2043280050.6028283
 2043280050.602829
 2043280050.6028283
 2043280050.602829
 2043280050.6028283
 2043280050.602829
 2043280050.6028283
 2043280050.602829
 2043280050.6028283
 2043280050.602829
 2043280050.6028283
 2043280050.602829
 2043280050.6028283
 2043280050.602829
 2043280050.6028283
 2043280050.602829
 2043280050.6028283
 2043280050.602829
 2043280050.6028283
 2043280050.602829
 2043280050.6028283
 2043280050.602829
 2043280050.6028283
 2043280050.602829
 2043280050.6028283
 2043280050.602829
 2043280050.6028283
 2043280050.602829
 2043280050.6028283
 2043280050.602829
 2043280050.6028283
 2043280050.602829
 2043280050.6028283
 2043280050.602829
 2043280050.6028283
 2043280050.602829
 2043280050.6028283
 2043280050.602829
 2043280050.6028283
 2043280050.602829
 2043280050.6028283
 2043280050.602829
 2043280050.6028283
 2043280050.602829
 2043280050.6028283
 2043280050.602829
 2043280050.6028283
 2043280050.602829
 2043280050.6028283
 2043280050.602829
 2043280050.6028283
 2043280050.602829
 2043280050.6028283
 2043280050.602829
 2043280050.6028283
 2043280050.602829
 2043280050.6028283
 2043280050.602829
 2043280050.6028283
 2043280050.602829
 2043280050.6028283
 2043280050.602829
 2043280050.6028283
 2043280050.602829
 2043280050.6028283
 2043280050.602829
 2043280050.6028283
 2043280050.602829
 2043280050.6028283
 2043280050.602829
 2043280050.6028283
 2043280050.602829
 2043280050.6028283
 2043280050.602829
 2043280050.6028283
 2043280050.602829
 2043280050.6028283
 2043280050.602829
 2043280050.6028283
 2043280050.602829
 2043280050.6028283
 2043280050.602829
 2043280050.6028283
 2043280050.602829
 2043280050.6028283
 2043280050.602829
 2043280050.6028283
 2043280050.602829
 2043280050.6028283
 2043280050.602829
 2043280050.6028283
 2043280050.602829
 2043280050.6028283
 2043280050.602829
 2043280050.6028283
 2043280050.602829
 2043280050.6028283
 2043280050.602829
 2043280050.6028283
 2043280050.602829
 2043280050.6028283
 2043280050.602829
 2043280050.6028283
 2043280050.602829
 2043280050.6028283
 2043280050.602829
 2043280050.6028283
 2043280050.602829
 2043280050.6028283
 2043280050.602829
 2043280050.6028283
 2043280050.602829
 2043280050.6028283
 2043280050.602829
 2043280050.6028283
 2043280050.602829
 2043280050.6028283
 2043280050.602829
 2043280050.6028283
 2043280050.602829
 2043280050.6028283
 2043280050.602829
 2043280050.6028283
 2043280050.602829
 2043280050.6028283
 2043280050.602829
 2043280050.6028283
 2043280050.602829
 2043280050.6028283
 2043280050.602829
 2043280050.6028283
 2043280050.602829
 2043280050.6028283
 2043280050.602829
 2043280050.6028283
 2043280050.602829
 2043280050.6028283
 2043280050.602829
 2043280050.6028283
 2043280050.602829
 2043280050.6028283
 2043280050.602829
 2043280050.6028283
 2043280050.602829
 2043280050.6028283
 2043280050.602829
 2043280050.6028283
 2043280050.602829
 2043280050.6028283
 2043280050.602829
 2043280050.6028283
 2043280050.602829
 2043280050.6028283
 2043280050.602829
 2043280050.6028283
 2043280050.602829
 2043280050.6028283
 2043280050.602829
 2043280050.6028283
 2043280050.602829
 2043280050.6028283
 2043280050.602829
 2043280050.6028283
 2043280050.602829
 2043280050.6028283
 2043280050.602829
 2043280050.6028283
 2043280050.602829
 2043280050.6028283
 2043280050.602829
 2043280050.6028283
 2043280050.602829
 2043280050.6028283
 2043280050.602829
 2043280050.6028283
 2043280050.602829
 2043280050.6028283
 2043280050.602829
 2043280050.6028283
 2043280050.602829
 2043280050.6028283
 2043280050.602829
 2043280050.6028283
 2043280050.602829
 2043280050.6028283
 2043280050.602829
 2043280050.6028283
 2043280050.602829
 2043280050.6028283
 2043280050.602829
 2043280050.6028283
 2043280050.602829
 2043280050.6028283
 2043280050.602829
 2043280050.6028283
 2043280050.602829
 2043280050.6028283
 2043280050.602829
 2043280050.6028283
 2043280050.602829
 2043280050.6028283
 2043280050.602829
 2043280050.6028283
 2043280050.602829
 2043280050.6028283
 2043280050.602829
 2043280050.6028283
 2043280050.602829
 2043280050.6028283
 2043280050.602829
 2043280050.6028283
 2043280050.602829
